4297650015 9429 0 5
4297650028 0 0 0
4297650041 0 0 0
4297650054 0 0 0
4297650067 0 0 0
4297650080 0 0 0
4297650093 0 0 0
4297650106 0 0 0
4297650119 0 0 0
4297650132 0 0 0
4297650145 0 0 0
4297650158 0 0 0
4297650171 0 0 0
4297650184 0 0 0
4297650197 0 0 0
4297650210 0 0 0
4297650223 0 0 0
4297650236 0 0 0
4297650249 0 0 0
4297650262 7425 0 3
4297650275 0 0 0
4297650288 0 0 0
4297650301 0 0 0
4297650314 0 0 0
4297650327 0 0 0
4297650340 0 0 0
4297650353 0 0 0
4297650366 0 0 0
4297650379 0 0 0
4297650392 0 0 0
4297650405 0 0 0
4297650418 0 0 0
4297650431 0 0 0
4297650444 0 0 0
4297650457 0 0 0
4297650470 0 0 0
4297650483 0 0 0
4297650496 0 0 0
4297650509 0 0 0
4297650522 6047 0 2
4297650535 0 0 0
4297650548 0 0 0
4297650561 0 0 0
4297650574 0 0 0
4297650587 0 0 0
4297650600 0 0 0
4297650613 0 0 0
4297650626 0 0 0
4297650639 0 0 0
4297650652 0 0 0
4297650665 0 0 0
4297650678 0 0 0
4297650691 0 0 0
4297650704 0 0 0
4297650717 0 0 0
4297650730 0 0 0
4297650743 0 0 0
4297650756 0 0 0
4297650769 5055 0 2
4297650782 0 0 0
4297650795 0 0 0
4297650808 0 0 0
4297650821 0 0 0
4297650834 0 0 0
4297650847 0 0 0
4297650860 0 0 0
4297650873 0 0 0
4297650886 0 0 0
4297650899 0 0 0
4297650912 0 0 0
4297650925 0 0 0
4297650938 0 0 0
4297650951 0 0 0
4297650964 0 0 0
4297650977 0 0 0
4297650990 0 0 0
4297651003 0 0 0
4297651016 4100 0 1
4297651029 0 0 0
4297651042 0 0 0
4297651055 0 0 0
4297651068 0 0 0
4297651081 0 0 0
4297651094 0 0 0
4297651107 0 0 0
4297651120 0 0 0
4297651133 0 0 0
4297651146 0 0 0
4297651159 0 0 0
4297651172 0 0 0
4297651185 0 0 0
4297651198 0 0 0
4297651211 0 0 0
4297651224 0 0 0
4297651237 0 0 0
4297651250 0 0 0
4297651263 0 0 0
4297651276 3438 0 2
4297651289 0 0 0
4297651302 0 0 0
4297651315 0 0 0
4297651328 0 0 0
4297651341 0 0 0
4297651354 0 0 0
4297651367 0 0 0
4297651380 0 0 0
4297651393 0 0 0
4297651406 0 0 0
4297651419 0 0 0
4297651432 0 0 0
4297651445 0 0 0
4297651458 0 0 0
4297651471 0 0 0
4297651484 0 0 0
4297651497 0 0 0
4297651510 0 0 0
4297651523 2807 0 2
4297651536 0 0 0
4297651549 0 0 0
4297651562 0 0 0
4297651575 0 0 0
4297651588 0 0 0
4297651601 0 0 0
4297651614 0 0 0
4297651627 0 0 0
4297651640 0 0 0
4297651653 0 0 0
4297651666 0 0 0
4297651679 0 0 0
4297651692 0 0 0
4297651705 0 0 0
4297651718 0 0 0
4297651731 0 0 0
4297651744 0 0 0
4297651757 0 0 0
4297651770 1152 0 1
4297651783 1163 0 1
4297651796 0 0 0
4297651809 0 0 0
4297651822 0 0 0
4297651835 0 0 0
4297651848 0 0 0
4297651861 0 0 0
4297651874 0 0 0
4297651887 0 0 0
4297651900 0 0 0
4297651913 0 0 0
4297651926 0 0 0
4297651939 0 0 0
4297651952 0 0 0
4297651965 0 0 0
4297651978 0 0 0
4297651991 0 0 0
4297652004 0 0 0
4297652017 0 0 0
4297652030 1874 0 1
4297652043 0 0 0
4297652056 0 0 0
4297652069 0 0 0
4297652082 0 0 0
4297652095 0 0 0
4297652108 0 0 0
4297652121 0 0 0
4297652134 0 0 0
4297652147 0 0 0
4297652160 0 0 0
4297652173 0 0 0
4297652186 0 0 0
4297652199 0 0 0
4297652212 0 0 0
4297652225 0 0 0
4297652238 0 0 0
4297652251 0 0 0
4297652264 0 0 0
4297652277 1602 0 1
4297652290 0 0 0
4297652303 0 0 0
4297652316 0 0 0
4297652329 0 0 0
4297652342 0 0 0
4297652355 0 0 0
4297652368 0 0 0
4297652381 0 0 0
4297652394 0 0 0
4297652407 0 0 0
4297652420 0 0 0
4297652433 0 0 0
4297652446 0 0 0
4297652459 0 0 0
4297652472 0 0 0
4297652485 0 0 0
4297652498 0 0 0
4297652511 0 0 0
4297652524 1252 0 1
4297652537 0 0 0
4297652550 0 0 0
4297652563 0 0 0
4297652576 0 0 0
4297652589 0 0 0
4297652602 0 0 0
4297652615 0 0 0
4297652628 0 0 0
4297652641 0 0 0
4297652654 0 0 0
4297652667 0 0 0
4297652680 0 0 0
4297652693 0 0 0
4297652706 0 0 0
4297652719 0 0 0
4297652732 0 0 0
4297652745 0 0 0
4297652758 0 0 0
4297652771 0 0 0
4297652784 982 0 0
4297652797 0 0 0
4297652810 0 0 0
4297652823 0 0 0
4297652836 0 0 0
4297652849 0 0 0
4297652862 0 0 0
4297652875 0 0 0
4297652888 0 0 0
4297652901 0 0 0
4297652914 0 0 0
4297652927 0 0 0
4297652940 0 0 0
4297652953 0 0 0
4297652966 0 0 0
4297652979 0 0 0
4297652992 0 0 0
4297653005 0 0 0
4297653018 0 0 0
4297653031 897 0 1
4297653044 0 0 0
4297653057 0 0 0
4297653070 0 0 0
4297653083 0 0 0
4297653096 0 0 0
4297653109 0 0 0
4297653122 0 0 0
4297653135 0 0 0
4297653148 0 0 0
4297653161 0 0 0
4297653174 0 0 0
4297653187 0 0 0
4297653200 0 0 0
4297653213 0 0 0
4297653226 0 0 0
4297653239 0 0 0
4297653252 0 0 0
4297653265 0 0 0
4297653278 721 0 1
4297653291 0 0 0
4297653304 0 0 0
4297653317 0 0 0
4297653330 0 0 0
4297653343 0 0 0
4297653356 0 0 0
4297653369 0 0 0
4297653382 0 0 0
4297653395 0 0 0
4297653408 0 0 0
4297653421 0 0 0
4297653434 0 0 0
4297653447 0 0 0
4297653460 0 0 0
4297653473 0 0 0
4297653486 0 0 0
4297653499 0 0 0
4297653512 0 0 0
4297653525 0 0 0
4297653538 621 0 0
4297653551 0 0 0
4297653564 0 0 0
4297653577 0 0 0
4297653590 0 0 0
4297653603 0 0 0
4297653616 0 0 0
4297653629 0 0 0
4297653642 0 0 0
4297653655 0 0 0
4297653668 0 0 0
4297653681 0 0 0
4297653694 0 0 0
4297653707 0 0 0
4297653720 0 0 0
4297653733 0 0 0
4297653746 0 0 0
4297653759 0 0 0
4297653772 0 0 0
4297653785 481 0 1
4297653798 0 0 0
4297653811 0 0 0
4297653824 0 0 0
4297653837 0 0 0
4297653850 0 0 0
4297653863 0 0 0
4297653876 0 0 0
4297653889 0 0 0
4297653902 0 0 0
4297653915 0 0 0
4297653928 0 0 0
4297653941 0 0 0
4297653954 0 0 0
4297653967 0 0 0
4297653980 0 0 0
4297653993 0 0 0
4297654006 0 0 0
4297654019 0 0 0
4297654032 398 0 0
4297654045 0 0 0
4297654058 0 0 0
4297654071 0 0 0
4297654084 0 0 0
4297654097 0 0 0
4297654110 0 0 0
4297654123 0 0 0
4297654136 0 0 0
4297654149 0 0 0
4297654162 0 0 0
4297654175 0 0 0
4297654188 0 0 0
4297654201 0 0 0
4297654214 0 0 0
4297654227 0 0 0
4297654240 0 0 0
4297654253 0 0 0
4297654266 0 0 0
4297654279 347 0 1
4297654292 0 0 0
4297654305 0 0 0
4297654318 0 0 0
4297654331 0 0 0
4297654344 0 0 0
4297654357 0 0 0
4297654370 0 0 0
4297654383 0 0 0
4297654396 0 0 0
4297654409 0 0 0
4297654422 0 0 0
4297654435 0 0 0
4297654448 0 0 0
4297654461 0 0 0
4297654474 0 0 0
4297654487 0 0 0
4297654500 0 0 0
4297654513 0 0 0
4297654526 0 0 0
4297654539 249 0 0
4297654552 0 0 0
4297654565 0 0 0
4297654578 0 0 0
4297654591 0 0 0
4297654604 0 0 0
4297654617 0 0 0
4297654630 0 0 0
4297654643 0 0 0
4297654656 0 0 0
4297654669 0 0 0
4297654682 0 0 0
4297654695 0 0 0
4297654708 0 0 0
4297654721 0 0 0
4297654734 0 0 0
4297654747 0 0 0
4297654760 0 0 0
4297654773 0 0 0
4297654786 237 0 1
4297654799 0 0 0
4297654812 0 0 0
4297654825 0 0 0
4297654838 0 0 0
4297654851 0 0 0
4297654864 0 0 0
4297654877 0 0 0
4297654890 0 0 0
4297654903 0 0 0
4297654916 0 0 0
4297654929 0 0 0
4297654942 0 0 0
4297654955 0 0 0
4297654968 0 0 0
4297654981 0 0 0
4297654994 0 0 0
4297655007 0 0 0
4297655020 0 0 0
read 386 profiled data
