4297768594 9428 0 3
4297768607 0 0 0
4297768620 0 0 0
4297768633 0 0 0
4297768646 0 0 0
4297768659 0 0 0
4297768672 0 0 0
4297768685 0 0 0
4297768698 0 0 0
4297768711 0 0 0
4297768724 0 0 0
4297768737 0 0 0
4297768750 0 0 0
4297768763 0 0 0
4297768776 0 0 0
4297768789 0 0 0
4297768802 0 0 0
4297768815 0 0 0
4297768828 0 0 0
4297768841 7425 0 3
4297768854 0 0 0
4297768867 0 0 0
4297768880 0 0 0
4297768893 0 0 0
4297768906 0 0 0
4297768919 0 0 0
4297768932 0 0 0
4297768945 0 0 0
4297768958 0 0 0
4297768971 0 0 0
4297768984 0 0 0
4297768997 0 0 0
4297769010 0 0 0
4297769023 0 0 0
4297769036 0 0 0
4297769049 0 0 0
4297769062 0 0 0
4297769075 0 0 0
4297769088 260 0 1
4297769101 5787 0 2
4297769114 0 0 0
4297769127 0 0 0
4297769140 0 0 0
4297769153 0 0 0
4297769166 0 0 0
4297769179 0 0 0
4297769192 0 0 0
4297769205 0 0 0
4297769218 0 0 0
4297769231 0 0 0
4297769244 0 0 0
4297769257 0 0 0
4297769270 0 0 0
4297769283 0 0 0
4297769296 0 0 0
4297769309 0 0 0
4297769322 0 0 0
4297769335 0 0 0
4297769348 5055 0 2
4297769361 0 0 0
4297769374 0 0 0
4297769387 0 0 0
4297769400 0 0 0
4297769413 0 0 0
4297769426 0 0 0
4297769439 0 0 0
4297769452 0 0 0
4297769465 0 0 0
4297769478 0 0 0
4297769491 0 0 0
4297769504 0 0 0
4297769517 0 0 0
4297769530 0 0 0
4297769543 0 0 0
4297769556 0 0 0
4297769569 0 0 0
4297769582 0 0 0
4297769595 4100 0 2
4297769608 0 0 0
4297769621 0 0 0
4297769634 0 0 0
4297769647 0 0 0
4297769660 0 0 0
4297769673 0 0 0
4297769686 0 0 0
4297769699 0 0 0
4297769712 0 0 0
4297769725 0 0 0
4297769738 0 0 0
4297769751 0 0 0
4297769764 0 0 0
4297769777 0 0 0
4297769790 0 0 0
4297769803 0 0 0
4297769816 0 0 0
4297769829 0 0 0
4297769842 0 0 0
4297769855 3438 0 1
4297769868 0 0 0
4297769881 0 0 0
4297769894 0 0 0
4297769907 0 0 0
4297769920 0 0 0
4297769933 0 0 0
4297769946 0 0 0
4297769959 0 0 0
4297769972 0 0 0
4297769985 0 0 0
4297769998 0 0 0
4297770011 0 0 0
4297770024 0 0 0
4297770037 0 0 0
4297770050 0 0 0
4297770063 0 0 0
4297770076 0 0 0
4297770089 0 0 0
4297770102 2807 0 2
4297770115 0 0 0
4297770128 0 0 0
4297770141 0 0 0
4297770154 0 0 0
4297770167 0 0 0
4297770180 0 0 0
4297770193 0 0 0
4297770206 0 0 0
4297770219 0 0 0
4297770232 0 0 0
4297770245 0 0 0
4297770258 0 0 0
4297770271 0 0 0
4297770284 0 0 0
4297770297 0 0 0
4297770310 0 0 0
4297770323 0 0 0
4297770336 0 0 0
4297770349 2315 0 1
4297770362 0 0 0
4297770375 0 0 0
4297770388 0 0 0
4297770401 0 0 0
4297770414 0 0 0
4297770427 0 0 0
4297770440 0 0 0
4297770453 0 0 0
4297770466 0 0 0
4297770479 0 0 0
4297770492 0 0 0
4297770505 0 0 0
4297770518 0 0 0
4297770531 0 0 0
4297770544 0 0 0
4297770557 0 0 0
4297770570 0 0 0
4297770583 0 0 0
4297770596 0 0 0
4297770609 1874 0 1
4297770622 0 0 0
4297770635 0 0 0
4297770648 0 0 0
4297770661 0 0 0
4297770674 0 0 0
4297770687 0 0 0
4297770700 0 0 0
4297770713 0 0 0
4297770726 0 0 0
4297770739 0 0 0
4297770752 0 0 0
4297770765 0 0 0
4297770778 0 0 0
4297770791 0 0 0
4297770804 0 0 0
4297770817 0 0 0
4297770830 0 0 0
4297770843 0 0 0
4297770856 1602 0 1
4297770869 0 0 0
4297770882 0 0 0
4297770895 0 0 0
4297770908 0 0 0
4297770921 0 0 0
4297770934 0 0 0
4297770947 0 0 0
4297770960 0 0 0
4297770973 0 0 0
4297770986 0 0 0
4297770999 0 0 0
4297771012 0 0 0
4297771025 0 0 0
4297771038 0 0 0
4297771051 0 0 0
4297771064 0 0 0
4297771077 0 0 0
4297771090 0 0 0
4297771103 1252 0 1
4297771116 0 0 0
4297771129 0 0 0
4297771142 0 0 0
4297771155 0 0 0
4297771168 0 0 0
4297771181 0 0 0
4297771194 0 0 0
4297771207 0 0 0
4297771220 0 0 0
4297771233 0 0 0
4297771246 0 0 0
4297771259 0 0 0
4297771272 0 0 0
4297771285 0 0 0
4297771298 0 0 0
4297771311 0 0 0
4297771324 0 0 0
4297771337 0 0 0
4297771350 0 0 0
4297771363 982 0 1
4297771376 0 0 0
4297771389 0 0 0
4297771402 0 0 0
4297771415 0 0 0
4297771428 0 0 0
4297771441 0 0 0
4297771454 0 0 0
4297771467 0 0 0
4297771480 0 0 0
4297771493 0 0 0
4297771506 0 0 0
4297771519 0 0 0
4297771532 0 0 0
4297771545 0 0 0
4297771558 0 0 0
4297771571 0 0 0
4297771584 0 0 0
4297771597 0 0 0
4297771610 897 0 0
4297771623 0 0 0
4297771636 0 0 0
4297771649 0 0 0
4297771662 0 0 0
4297771675 0 0 0
4297771688 0 0 0
4297771701 0 0 0
4297771714 0 0 0
4297771727 0 0 0
4297771740 0 0 0
4297771753 0 0 0
4297771766 0 0 0
4297771779 0 0 0
4297771792 0 0 0
4297771805 0 0 0
4297771818 0 0 0
4297771831 0 0 0
4297771844 0 0 0
4297771857 721 0 1
4297771870 0 0 0
4297771883 0 0 0
4297771896 0 0 0
4297771909 0 0 0
4297771922 0 0 0
4297771935 0 0 0
4297771948 0 0 0
4297771961 0 0 0
4297771974 0 0 0
4297771987 0 0 0
4297772000 0 0 0
4297772013 0 0 0
4297772026 0 0 0
4297772039 0 0 0
4297772052 0 0 0
4297772065 0 0 0
4297772078 0 0 0
4297772091 0 0 0
4297772104 273 0 1
4297772117 348 0 0
4297772130 0 0 0
4297772143 0 0 0
4297772156 0 0 0
4297772169 0 0 0
4297772182 0 0 0
4297772195 0 0 0
4297772208 0 0 0
4297772221 0 0 0
4297772234 0 0 0
4297772247 0 0 0
4297772260 0 0 0
4297772273 0 0 0
4297772286 0 0 0
4297772299 0 0 0
4297772312 0 0 0
4297772325 0 0 0
4297772338 0 0 0
4297772351 0 0 0
4297772364 481 0 0
4297772377 0 0 0
4297772390 0 0 0
4297772403 0 0 0
4297772416 0 0 0
4297772429 0 0 0
4297772442 0 0 0
4297772455 0 0 0
4297772468 0 0 0
4297772481 0 0 0
4297772494 0 0 0
4297772507 0 0 0
4297772520 0 0 0
4297772533 0 0 0
4297772546 0 0 0
4297772559 0 0 0
4297772572 0 0 0
4297772585 0 0 0
4297772598 0 0 0
4297772611 398 0 0
4297772624 0 0 0
4297772637 0 0 0
4297772650 0 0 0
4297772663 0 0 0
4297772676 0 0 0
4297772689 0 0 0
4297772702 0 0 0
4297772715 0 0 0
4297772728 0 0 0
4297772741 0 0 0
4297772754 0 0 0
4297772767 0 0 0
4297772780 0 0 0
4297772793 0 0 0
4297772806 0 0 0
4297772819 0 0 0
4297772832 0 0 0
4297772845 0 0 0
4297772858 347 0 1
4297772871 0 0 0
4297772884 0 0 0
4297772897 0 0 0
4297772910 0 0 0
4297772923 0 0 0
4297772936 0 0 0
4297772949 0 0 0
4297772962 0 0 0
4297772975 0 0 0
4297772988 0 0 0
4297773001 0 0 0
4297773014 0 0 0
4297773027 0 0 0
4297773040 0 0 0
4297773053 0 0 0
4297773066 0 0 0
4297773079 0 0 0
4297773092 0 0 0
4297773105 0 0 0
4297773118 249 0 0
4297773131 0 0 0
4297773144 0 0 0
4297773157 0 0 0
4297773170 0 0 0
4297773183 0 0 0
4297773196 0 0 0
4297773209 0 0 0
4297773222 0 0 0
4297773235 0 0 0
4297773248 0 0 0
4297773261 0 0 0
4297773274 0 0 0
4297773287 0 0 0
4297773300 0 0 0
4297773313 0 0 0
4297773326 0 0 0
4297773339 0 0 0
4297773352 0 0 0
4297773365 237 0 0
4297773378 0 0 0
4297773391 0 0 0
4297773404 0 0 0
4297773417 0 0 0
4297773430 0 0 0
4297773443 0 0 0
4297773456 0 0 0
4297773469 0 0 0
4297773482 0 0 0
4297773495 0 0 0
4297773508 0 0 0
4297773521 0 0 0
4297773534 0 0 0
4297773547 0 0 0
4297773560 0 0 0
4297773573 0 0 0
4297773586 0 0 0
4297773599 0 0 0
read 386 profiled data
