4297789557 100203 0 43
4297789570 3503 0 1
4297789583 0 0 0
4297789596 0 0 0
4297789609 0 0 0
4297789622 0 0 0
4297789635 0 0 0
4297789648 0 0 0
4297789661 0 0 0
4297789674 0 0 0
4297789687 0 0 0
4297789700 0 0 0
4297789713 0 0 0
4297789726 0 0 0
4297789739 0 0 0
4297789752 0 0 0
4297789765 0 0 0
4297789778 0 0 0
4297789791 0 0 0
4297789804 28943 0 11
4297789817 52732 0 19
4297789830 0 0 0
4297789843 0 0 0
4297789856 0 0 0
4297789869 0 0 0
4297789882 0 0 0
4297789895 0 0 0
4297789908 0 0 0
4297789921 0 0 0
4297789934 0 0 0
4297789947 0 0 0
4297789960 0 0 0
4297789973 0 0 0
4297789986 0 0 0
4297789999 0 0 0
4297790012 0 0 0
4297790025 0 0 0
4297790038 0 0 0
4297790051 0 0 0
4297790064 66517 0 24
4297790077 0 0 0
4297790090 0 0 0
4297790103 0 0 0
4297790116 0 0 0
4297790129 0 0 0
4297790142 0 0 0
4297790155 0 0 0
4297790168 0 0 0
4297790181 0 0 0
4297790194 0 0 0
4297790207 0 0 0
4297790220 0 0 0
4297790233 0 0 0
4297790246 0 0 0
4297790259 0 0 0
4297790272 0 0 0
4297790285 0 0 0
4297790298 0 0 0
4297790311 27230 0 11
4297790324 28375 0 11
4297790337 0 0 0
4297790350 0 0 0
4297790363 0 0 0
4297790376 0 0 0
4297790389 0 0 0
4297790402 0 0 0
4297790415 0 0 0
4297790428 0 0 0
4297790441 0 0 0
4297790454 0 0 0
4297790467 0 0 0
4297790480 0 0 0
4297790493 0 0 0
4297790506 0 0 0
4297790519 0 0 0
4297790532 0 0 0
4297790545 0 0 0
4297790558 9352 0 4
4297790571 35748 0 13
4297790584 0 0 0
4297790597 0 0 0
4297790610 0 0 0
4297790623 0 0 0
4297790636 0 0 0
4297790649 0 0 0
4297790662 0 0 0
4297790675 0 0 0
4297790688 0 0 0
4297790701 0 0 0
4297790714 0 0 0
4297790727 0 0 0
4297790740 0 0 0
4297790753 0 0 0
4297790766 0 0 0
4297790779 0 0 0
4297790792 0 0 0
4297790805 0 0 0
4297790818 23901 0 14
4297790831 13917 0 5
4297790844 0 0 0
4297790857 0 0 0
4297790870 0 0 0
4297790883 0 0 0
4297790896 0 0 0
4297790909 0 0 0
4297790922 0 0 0
4297790935 0 0 0
4297790948 0 0 0
4297790961 0 0 0
4297790974 0 0 0
4297790987 0 0 0
4297791000 0 0 0
4297791013 0 0 0
4297791026 0 0 0
4297791039 0 0 0
4297791052 0 0 0
4297791065 12925 0 6
4297791078 17952 0 7
4297791091 0 0 0
4297791104 0 0 0
4297791117 0 0 0
4297791130 0 0 0
4297791143 0 0 0
4297791156 0 0 0
4297791169 0 0 0
4297791182 0 0 0
4297791195 0 0 0
4297791208 0 0 0
4297791221 0 0 0
4297791234 0 0 0
4297791247 0 0 0
4297791260 0 0 0
4297791273 0 0 0
4297791286 0 0 0
4297791299 0 0 0
4297791313 6646 0 4
4297791326 18819 0 8
4297791339 0 0 0
4297791352 0 0 0
4297791365 0 0 0
4297791378 0 0 0
4297791391 0 0 0
4297791404 0 0 0
4297791417 0 0 0
4297791430 0 0 0
4297791443 0 0 0
4297791456 0 0 0
4297791469 0 0 0
4297791482 0 0 0
4297791495 0 0 0
4297791508 0 0 0
4297791521 0 0 0
4297791534 0 0 0
4297791547 0 0 0
4297791560 0 0 0
4297791573 18295 0 10
4297791586 2319 0 1
4297791599 0 0 0
4297791612 0 0 0
4297791625 0 0 0
4297791638 0 0 0
4297791651 0 0 0
4297791664 0 0 0
4297791677 0 0 0
4297791690 0 0 0
4297791703 0 0 0
4297791716 0 0 0
4297791729 0 0 0
4297791742 0 0 0
4297791755 0 0 0
4297791768 0 0 0
4297791781 0 0 0
4297791794 0 0 0
4297791807 0 0 0
4297791820 9612 0 6
4297791833 8010 0 5
4297791846 0 0 0
4297791859 0 0 0
4297791872 0 0 0
4297791885 0 0 0
4297791898 0 0 0
4297791911 0 0 0
4297791924 0 0 0
4297791937 0 0 0
4297791950 0 0 0
4297791963 0 0 0
4297791976 0 0 0
4297791989 0 0 0
4297792002 0 0 0
4297792015 0 0 0
4297792028 0 0 0
4297792041 0 0 0
4297792054 0 0 0
4297792067 4680 0 2
4297792080 9092 0 5
4297792093 0 0 0
4297792106 0 0 0
4297792119 0 0 0
4297792132 0 0 0
4297792145 0 0 0
4297792158 0 0 0
4297792171 0 0 0
4297792184 0 0 0
4297792197 0 0 0
4297792210 0 0 0
4297792223 0 0 0
4297792236 0 0 0
4297792249 0 0 0
4297792262 0 0 0
4297792275 0 0 0
4297792288 0 0 0
4297792301 0 0 0
4297792314 416 0 1
4297792327 10386 0 7
4297792340 0 0 0
4297792353 0 0 0
4297792366 0 0 0
4297792379 0 0 0
4297792392 0 0 0
4297792405 0 0 0
4297792418 0 0 0
4297792431 0 0 0
4297792444 0 0 0
4297792457 0 0 0
4297792470 0 0 0
4297792483 0 0 0
4297792496 0 0 0
4297792509 0 0 0
4297792522 0 0 0
4297792535 0 0 0
4297792548 0 0 0
4297792561 0 0 0
4297792574 5382 0 4
4297792587 4485 0 3
4297792600 0 0 0
4297792613 0 0 0
4297792626 0 0 0
4297792639 0 0 0
4297792652 0 0 0
4297792665 0 0 0
4297792678 0 0 0
4297792691 0 0 0
4297792704 0 0 0
4297792717 0 0 0
4297792730 0 0 0
4297792743 0 0 0
4297792756 0 0 0
4297792769 0 0 0
4297792782 0 0 0
4297792795 0 0 0
4297792808 0 0 0
4297792821 3098 0 3
4297792834 4833 0 4
4297792847 0 0 0
4297792860 0 0 0
4297792873 0 0 0
4297792886 0 0 0
4297792899 0 0 0
4297792912 0 0 0
4297792925 0 0 0
4297792938 0 0 0
4297792951 0 0 0
4297792964 0 0 0
4297792977 0 0 0
4297792990 0 0 0
4297793003 0 0 0
4297793016 0 0 0
4297793029 0 0 0
4297793042 0 0 0
4297793055 0 0 0
4297793068 1578 0 2
4297793081 5253 0 3
4297793094 0 0 0
4297793107 0 0 0
4297793120 0 0 0
4297793133 0 0 0
4297793146 0 0 0
4297793159 0 0 0
4297793172 0 0 0
4297793185 0 0 0
4297793198 0 0 0
4297793211 0 0 0
4297793224 0 0 0
4297793237 0 0 0
4297793250 0 0 0
4297793263 0 0 0
4297793276 0 0 0
4297793289 0 0 0
4297793302 0 0 0
4297793315 0 0 0
4297793328 4810 0 4
4297793341 481 0 0
4297793354 0 0 0
4297793367 0 0 0
4297793380 0 0 0
4297793393 0 0 0
4297793406 0 0 0
4297793419 0 0 0
4297793432 0 0 0
4297793445 0 0 0
4297793458 0 0 0
4297793471 0 0 0
4297793484 0 0 0
4297793497 0 0 0
4297793510 0 0 0
4297793523 0 0 0
4297793536 0 0 0
4297793549 0 0 0
4297793562 0 0 0
4297793575 2388 0 3
4297793588 1990 0 2
4297793601 0 0 0
4297793614 0 0 0
4297793627 0 0 0
4297793640 0 0 0
4297793653 0 0 0
4297793666 0 0 0
4297793679 0 0 0
4297793692 0 0 0
4297793705 0 0 0
4297793718 0 0 0
4297793731 0 0 0
4297793744 0 0 0
4297793757 0 0 0
4297793770 0 0 0
4297793783 0 0 0
4297793796 0 0 0
4297793809 0 0 0
4297793822 1388 0 0
4297793835 2429 0 4
4297793848 0 0 0
4297793861 0 0 0
4297793874 0 0 0
4297793887 0 0 0
4297793900 0 0 0
4297793913 0 0 0
4297793926 0 0 0
4297793939 0 0 0
4297793952 0 0 0
4297793965 0 0 0
4297793978 0 0 0
4297793991 0 0 0
4297794004 0 0 0
4297794017 0 0 0
4297794030 0 0 0
4297794043 0 0 0
4297794056 0 0 0
4297794069 498 0 1
4297794082 2241 0 4
4297794095 0 0 0
4297794108 0 0 0
4297794121 0 0 0
4297794134 0 0 0
4297794147 0 0 0
4297794160 0 0 0
4297794173 0 0 0
4297794186 0 0 0
4297794199 0 0 0
4297794212 0 0 0
4297794225 0 0 0
4297794238 0 0 0
4297794251 0 0 0
4297794264 0 0 0
4297794277 0 0 0
4297794290 0 0 0
4297794303 0 0 0
4297794316 0 0 0
4297794329 2107 0 4
4297794342 500 0 1
4297794355 0 0 0
4297794368 0 0 0
4297794381 0 0 0
4297794394 0 0 0
4297794407 0 0 0
4297794420 0 0 0
4297794433 0 0 0
4297794446 0 0 0
4297794459 0 0 0
4297794472 0 0 0
4297794485 0 0 0
4297794498 0 0 0
4297794511 0 0 0
4297794524 0 0 0
4297794537 0 0 0
4297794550 0 0 0
4297794563 0 0 0
4297794576 0 0 8
read 387 profiled data
