4297779102 47138 0 18
4297779115 0 0 0
4297779128 0 0 0
4297779141 0 0 0
4297779154 0 0 0
4297779167 0 0 0
4297779180 0 0 0
4297779193 0 0 0
4297779206 0 0 0
4297779219 0 0 0
4297779232 0 0 0
4297779245 0 0 0
4297779258 0 0 0
4297779271 0 0 0
4297779284 0 0 0
4297779297 0 0 0
4297779310 0 0 0
4297779323 0 0 0
4297779336 0 0 0
4297779349 34951 0 15
4297779362 2174 0 0
4297779375 0 0 0
4297779388 0 0 0
4297779401 0 0 0
4297779414 0 0 0
4297779427 0 0 0
4297779440 0 0 0
4297779453 0 0 0
4297779466 0 0 0
4297779479 0 0 0
4297779492 0 0 0
4297779505 0 0 0
4297779518 0 0 0
4297779531 0 0 0
4297779544 0 0 0
4297779557 0 0 0
4297779570 0 0 0
4297779583 0 0 0
4297779596 0 0 0
4297779609 30235 0 13
4297779622 0 0 0
4297779635 0 0 0
4297779648 0 0 0
4297779661 0 0 0
4297779674 0 0 0
4297779687 0 0 0
4297779700 0 0 0
4297779713 0 0 0
4297779726 0 0 0
4297779739 0 0 0
4297779752 0 0 0
4297779765 0 0 0
4297779778 0 0 0
4297779791 0 0 0
4297779804 0 0 0
4297779817 0 0 0
4297779830 0 0 0
4297779843 0 0 0
4297779856 25275 0 11
4297779869 0 0 0
4297779882 0 0 0
4297779895 0 0 0
4297779908 0 0 0
4297779921 0 0 0
4297779934 0 0 0
4297779947 0 0 0
4297779960 0 0 0
4297779973 0 0 0
4297779986 0 0 0
4297779999 0 0 0
4297780012 0 0 0
4297780025 0 0 0
4297780038 0 0 0
4297780051 0 0 0
4297780064 0 0 0
4297780077 0 0 0
4297780090 0 0 0
4297780103 3103 0 2
4297780116 17397 0 7
4297780129 0 0 0
4297780142 0 0 0
4297780155 0 0 0
4297780169 0 0 0
4297780182 0 0 0
4297780195 0 0 0
4297780208 0 0 0
4297780221 0 0 0
4297780234 0 0 0
4297780247 0 0 0
4297780260 0 0 0
4297780273 0 0 0
4297780286 0 0 0
4297780299 0 0 0
4297780312 0 0 0
4297780325 0 0 0
4297780338 0 0 0
4297780351 0 0 0
4297780364 17190 0 8
4297780377 0 0 0
4297780390 0 0 0
4297780403 0 0 0
4297780416 0 0 0
4297780429 0 0 0
4297780442 0 0 0
4297780455 0 0 0
4297780468 0 0 0
4297780481 0 0 0
4297780494 0 0 0
4297780507 0 0 0
4297780520 0 0 0
4297780533 0 0 0
4297780546 0 0 0
4297780559 0 0 0
4297780572 0 0 0
4297780585 0 0 0
4297780598 0 0 0
4297780611 14035 0 6
4297780624 0 0 0
4297780637 0 0 0
4297780650 0 0 0
4297780663 0 0 0
4297780676 0 0 0
4297780689 0 0 0
4297780702 0 0 0
4297780715 0 0 0
4297780728 0 0 0
4297780741 0 0 0
4297780754 0 0 0
4297780767 0 0 0
4297780780 0 0 0
4297780793 0 0 0
4297780806 0 0 0
4297780819 0 0 0
4297780832 0 0 0
4297780845 0 0 0
4297780858 3374 0 3
4297780871 8201 0 2
4297780884 0 0 0
4297780897 0 0 0
4297780910 0 0 0
4297780923 0 0 0
4297780936 0 0 0
4297780949 0 0 0
4297780962 0 0 0
4297780975 0 0 0
4297780988 0 0 0
4297781001 0 0 0
4297781014 0 0 0
4297781027 0 0 0
4297781040 0 0 0
4297781053 0 0 0
4297781066 0 0 0
4297781079 0 0 0
4297781092 0 0 0
4297781105 0 0 0
4297781118 9370 0 5
4297781131 0 0 0
4297781144 0 0 0
4297781157 0 0 0
4297781170 0 0 0
4297781183 0 0 0
4297781196 0 0 0
4297781209 0 0 0
4297781222 0 0 0
4297781235 0 0 0
4297781248 0 0 0
4297781261 0 0 0
4297781274 0 0 0
4297781287 0 0 0
4297781300 0 0 0
4297781313 0 0 0
4297781326 0 0 0
4297781339 0 0 0
4297781352 0 0 0
4297781365 8010 0 5
4297781378 0 0 0
4297781391 0 0 0
4297781404 0 0 0
4297781417 0 0 0
4297781430 0 0 0
4297781443 0 0 0
4297781456 0 0 0
4297781469 0 0 0
4297781482 0 0 0
4297781495 0 0 0
4297781508 0 0 0
4297781521 0 0 0
4297781534 0 0 0
4297781547 0 0 0
4297781560 0 0 0
4297781573 0 0 0
4297781586 0 0 0
4297781599 0 0 0
4297781612 4180 0 3
4297781625 2080 0 1
4297781638 0 0 0
4297781651 0 0 0
4297781664 0 0 0
4297781677 0 0 0
4297781690 0 0 0
4297781703 0 0 0
4297781716 0 0 0
4297781729 0 0 0
4297781742 0 0 0
4297781755 0 0 0
4297781768 0 0 0
4297781781 0 0 0
4297781794 0 0 0
4297781807 0 0 0
4297781820 0 0 0
4297781833 0 0 0
4297781846 0 0 0
4297781859 0 0 0
4297781872 4910 0 4
4297781885 0 0 0
4297781898 0 0 0
4297781911 0 0 0
4297781924 0 0 0
4297781937 0 0 0
4297781950 0 0 0
4297781963 0 0 0
4297781976 0 0 0
4297781989 0 0 0
4297782002 0 0 0
4297782015 0 0 0
4297782028 0 0 0
4297782041 0 0 0
4297782054 0 0 0
4297782067 0 0 0
4297782080 0 0 0
4297782093 0 0 0
4297782106 0 0 0
4297782119 4485 0 2
4297782132 0 0 0
4297782145 0 0 0
4297782158 0 0 0
4297782171 0 0 0
4297782184 0 0 0
4297782197 0 0 0
4297782210 0 0 0
4297782223 0 0 0
4297782236 0 0 0
4297782249 0 0 0
4297782262 0 0 0
4297782275 0 0 0
4297782288 0 0 0
4297782301 0 0 0
4297782314 0 0 0
4297782327 0 0 0
4297782340 0 0 0
4297782353 0 0 0
4297782366 3605 0 4
4297782379 0 0 0
4297782392 0 0 0
4297782405 0 0 0
4297782418 0 0 0
4297782431 0 0 0
4297782444 0 0 0
4297782457 0 0 0
4297782470 0 0 0
4297782483 0 0 0
4297782496 0 0 0
4297782509 0 0 0
4297782522 0 0 0
4297782535 0 0 0
4297782548 0 0 0
4297782561 0 0 0
4297782574 0 0 0
4297782587 0 0 0
4297782600 0 0 0
4297782613 621 0 1
4297782626 2484 0 0
4297782639 0 0 0
4297782652 0 0 0
4297782665 0 0 0
4297782678 0 0 0
4297782691 0 0 0
4297782704 0 0 0
4297782717 0 0 0
4297782730 0 0 0
4297782743 0 0 0
4297782756 0 0 0
4297782769 0 0 0
4297782782 0 0 0
4297782795 0 0 0
4297782808 0 0 0
4297782821 0 0 0
4297782834 0 0 0
4297782847 0 0 0
4297782860 0 0 0
4297782873 2405 0 3
4297782886 0 0 0
4297782899 0 0 0
4297782912 0 0 0
4297782925 0 0 0
4297782938 0 0 0
4297782951 0 0 0
4297782964 0 0 0
4297782977 0 0 0
4297782990 0 0 0
4297783003 0 0 0
4297783016 0 0 0
4297783029 0 0 0
4297783042 0 0 0
4297783055 0 0 0
4297783068 0 0 0
4297783081 0 0 0
4297783094 0 0 0
4297783107 0 0 0
4297783120 1990 0 1
4297783133 0 0 0
4297783146 0 0 0
4297783159 0 0 0
4297783172 0 0 0
4297783185 0 0 0
4297783198 0 0 0
4297783211 0 0 0
4297783224 0 0 0
4297783237 0 0 0
4297783250 0 0 0
4297783263 0 0 0
4297783276 0 0 0
4297783289 0 0 0
4297783302 0 0 0
4297783316 0 0 0
4297783329 0 0 0
4297783342 0 0 0
4297783355 0 0 0
4297783368 1735 0 4
4297783381 0 0 0
4297783394 0 0 0
4297783407 0 0 0
4297783420 0 0 0
4297783433 0 0 0
4297783446 0 0 0
4297783459 0 0 0
4297783472 0 0 0
4297783485 0 0 0
4297783498 0 0 0
4297783511 0 0 0
4297783524 0 0 0
4297783537 0 0 0
4297783550 0 0 0
4297783563 0 0 0
4297783576 0 0 0
4297783589 0 0 0
4297783602 0 0 0
4297783615 249 0 1
4297783629 996 0 0
4297783642 0 0 0
4297783655 0 0 0
4297783668 0 0 0
4297783681 0 0 0
4297783694 0 0 0
4297783707 0 0 0
4297783720 0 0 0
4297783733 0 0 0
4297783746 0 0 0
4297783759 0 0 0
4297783772 0 0 0
4297783785 0 0 0
4297783798 0 0 0
4297783811 0 0 0
4297783824 0 0 0
4297783837 0 0 0
4297783850 0 0 0
4297783863 0 0 0
4297783876 1185 0 3
4297783889 0 0 0
4297783902 0 0 0
4297783915 0 0 0
4297783928 0 0 0
4297783941 0 0 0
4297783954 0 0 0
4297783967 0 0 0
4297783980 0 0 0
4297783993 0 0 0
4297784006 0 0 0
4297784019 0 0 0
4297784032 0 0 0
4297784045 0 0 0
4297784058 0 0 0
4297784071 0 0 0
4297784084 0 0 0
4297784097 0 0 0
4297784110 0 0 0
read 386 profiled data
